18966207010
15604596655
18556593281
13055611278
13206162244
18581946395
18733401945
15337196699
14568831407
15025718022
14537552278
15616188066
14525030025
13320864900
15046204692
18658121709
18008105963
13860242195
13050186274
15315906670
15161118577
14585045018
13660665949
13367271267
15846494809
18165296003
18586756623
13064171289
18510574144
18267850834
13916996040
13704831453
15696113857
13904533931
18550447783
14582044700
13268354661
18949774446
18645022781
14562112552
15723335402
15852438719
13943446249
18163727777
13618810831
18670671519
13315664018
15972877623
18196481380
18232954300
15397076379
15864554750
15308960319
18846945540
15200630819
13345711025
14587144700
15774307404
15158042767
13465138500
14788034018
15292493727
13695488615
15132092513
14526646989
15784970828
15851077972
18840806204
18973872950
14541983404
13430073143
15192557373
15735409147
15023179591
13286330409
18728473574
15288907606
18811371603
15046550135
15839698675
18988248237
15966434388
15074988834
13223232285
13037776694
15813127572
15061191906
15310332478
14503518126
13679276829
13590527661
14526875190
13900782065
18208599945
15910022608
13178212359
15552691880
13421030932
15501057858
18690593130
13139030492
15696617201
15601504200
15902742080
13064987716
15021046511
15081848382
13412865327
18188902103
13676710472
15057152934
14542776636
14562381570
13527821022
18896225355
15119664105
13446017679
15701528050
13829284620
13568156029
13123232746
14563045177
15319731726
18601712512
15653554801
15887813255
15175337881
15591615328
15147681887
18892860341
13331425889
18774946187
14728417000
13657523013
18221533887
18966381501
18872154986
15261039348
15801037460
13325170202
13277865055
18859727658
18934377723
13070674350
18981801437
15217656002
14525901409
15737978594
13501962211
13748421024
13036619291
18653535909
15835114649
18287993011
15276273862
15394383522
18191014098
13268998302
18140423001
15628363459
18814973381
15734151176
15326683854
15710473700
15931736069
14783311900
13056295924
13175862717
15970292284
15107606529
15219171871
13134700814
13473951631
13739763669
15700269553
18761551863
14581740714
13953579639
14750769075
13965771474
18969131883
15071551961
18293189728
13265548698
15978071287
18171768896
15303838290
13395715473
18298425603
15150605723
18856545363
15689969401
18155357429
18760022155
14558421954
13396179963
13146260081
15846196010
14597182046
15834777016
15574360916
14704912959
14754147115
13075164571
15828605644
18766935361
14555500562
13448631110
15249134088
15164488476
13783178207
15693868183
13478259660
18259089851
18790294338
18142093880
18774320064
14543714907
15149760819
13514513862
18706242155
18265262364
18849987199
14723557301
13611281846
15715155578
18281714876
15266501492
18167430112
18172409318
18084975369
14544839885
18690282707
15531392691
14529748764
13514617011
18974715331
18542897365
18267339282
14718911685
18000903518
18243429157
18719291421
13177751722
18224744237
15131769692
18574598075
13130297748
13622002389
13372219736
13155281208
18942027072
13315335684
15023619638
14708973495
13874560485
18668602116
18072937002
15909030225
13810921387
13038845169
13705382809
13947426030
18747038227
13346835772
13788898817
13282481400
15647462694
13411004144
15809691919
13246883927
13465771045
15274987130
18259051698
14709621860
18550684503
13081684780
13938649856
13407835467
18616858486
18707501993
15800669652
15584132109
15210897333
18268569647
18260866994
13586374786
14548872248
14544912062
14783873133
14553978211
15179395569
18129474362
15242720762
15981833610
13270902122
15676663776
13140940337
18818634340
13786141920
18808618195
15102551614
13476195090
18519845090
14743509997
13605810482
13543049803
15652774830
15605830519
18058101967
15145153754
18659858724
13087277398
14709164250
13626177466
13034637368
15659953824
15533570881
15588656260
13735601679
13675768416
15520558468
13520614016
15138332360
14525696097
15928976268
18138150386
13580652722
15877597696
13805164686
14568674391
14548068325
15687236556
13606737163
15700568217
18667007147
13291225089
15911191270
18074161050
13950712862
14556054959
15518840787
18136296688
13581837890
15954510874
15080269144
13034851125
15217024935
18298936307
18992759709
18887059131
15268190245
13126960371
18941624819
15668378714
18015836708
15273743754
18071625985
18161694290
15200035554
18242166219
15935784254
15331599382
15369527909
15513304942
18261208095
13836068104
18816279241
13230006912
13200044647
14709340410
15877874605
13455809229
15092489454
18233462660
13979356229
13702645054
15007703197
15720599388
13877495991
15597157428
13702845507
13438264490
13124492885
13245088946
18826134409
15572376179
18104953681
13894701991
15878062965
13994808793
14764895747
13068285312
18066669286
15588231489
13159819882
18164132739
13974180292
18700525547
14714573157
15773420850
18524689356
13006139706
14521327382
13353994294
15268307498
15122606569
18579221484
13112791806
18097966207
18117150801
13678856111
15657589632
15946725597
15767139338
18844715391
15899814703
18858153096
14580066864
18948231618
13194515582
13063371880
18551966270
15761700689
15017252864
15980581678
18926420003
13923412331
13602896182
18506760755
18586568948
13543501331
13005870315
13933024422
15357797635
13739058878
15575296154
13825160759
13024228095
13408835939
18566759324
18571940688
18658532529
15781366230
13556123457
15957424886
15687267441
14599386855
15612239906
15835062434
15698492488
13638921950
18294864564
13964999737
15709739126
15955438437
15379989230
14728660312
15942732834
13793550887
15000190513
13637972285
18251613166
15093080050
13982792586
13496941893
13144149174
18797893375
14780836261
15694847769
13867286470
18563608353
15536497171
13071699735
18543346592
14739925861
14793493438
15886512651
15152061249
14537091951
18604942688
15800171222
15168632578
13269839483
14560537511
18825466380
13860182282
13774243324
13937092737
13023443267
18505049835
13317867162
13167006047
15514683113
15832117128
14798381161
13171832910
18959858037
13464751200
18596054221
14526896512
15543760550
15964892352
15927143320
18003100742
14701444831
14533000413
14519807534
15860601951
15305465583
15186551862
15817816650
15946336416
13221713150
15264307650
18939702790
15744343806
18895223909
15567981791
15025655799
18628524089
15727604870
13555848667
13111672665
15514431791
18269833663
15965409316
14766447382
13452235243
18191314369
13800610962
13162381341
15288317621
14554682357
13977920101
18727092083
14703284702
14556623375
15838054877
15565476226
13707218243
15654328187
13082781693
15371246577
18195752882
15286850844
13552912059
15129957478
13801245072
15150473373
15695685994
15767057253
18619408246
15540659206
13957288854
18976130953
18961005692
15310659596
18094112454
15781061896
13732627000
13303506996
18164844869
14784021039
13150958706
13930219382
15559527142
18153437354
14707816977
15640158889
13377337500
13813100328
15069803459
14502164586
15909947909
13639611316
18630826553
18560218325
15013985455
15021780340
15661212343
13569492861
13346182515
13904645316
13391770837
18815322315
18105635552
18995738379
18971113435
14701305867
14511342159
14553546109
18570426055
13195694502
18565761824
14504933420
18849303242
18785989127
13043184158
13664644695
15539550496
13788197617
13173185604
13437510177
15759264611
18927402855
18618502151
15613730378
15329821929
14576543800
18703231974
13793959098
15206811187
13240207861
18590164458
15683436587
15393003959
13898687873
13742121278
15607614884
15539986421
13495235031
13921207907
14538916195
18943266074
15706683057
15380912282
18946015323
15259417735
18235316901
18152001118
15015023841
14570690495
18000527511
13719170737
15724843757
18657527893
13687823979
13084993316
18997340134
13844470855
13418185470
13566230658
14730430882
18076438344
15541054399
18873348014
13703429304
15744848625
18652463417
18153027328
18989249188
18989643276
13891524309
13237876866
13299558545
13167012670
14537112329
15868899569
13813262133
14727999783
14783588632
13691045284
13886449718
15956146454
14709907292
15203808951
13555577930
15862895591
15735185967
13041631945
13878911097
13502751443
15356862814
18139758358
14743511694
13502790648
14555278444
15854860006
14749853685
18735528822
13570687894
13891942887
15038450226
18032555461
13965455366
18575364514
15183886355
15571286127
13798567668
13461703494
13239876420
18568306732
14540591067
14578341971
13976100325
18853647338
13982874283
18627818589
13391789910
15587645751
18131794475
18142899678
13978423464
18638060947
18902048874
13438401175
13833418515
18722585792
18599823946
14548589646
18988813903
18672084211
15652404953
13750083903
15129573022
18157575828
15382310960
14597321932
14517949304
13215114233
15352645037
13314136706
13551387922
15795229582
13751867296
18160885987
15907927611
15588479345
15243331679
13006198990
18538941480
13458042596
14781584857
14769423759
13117025361
18658934268
15092705138
18632862347
13645795968
14588011897
15502367435
14740426053
13199043742
13772557426
15049691238
14572684607
15763180945
18132548548
15274579860
18145043967
15593945652
13896009155
15561047195
15393702316
18969607833
13359368879
15736246481
18945528441
13387695067
13981035222
18808722602
18892295329
14520141540
13162093690
13878159428
13315395996
15026176650
15809115817
15533209926
18728675138
13354528494
18613296313
15000537035
14581462322
15173794728
15871590599
14731679538
15038282378
13648255516
15141101647
18747167255
15942636699
13481769898
15625564284
13056323814
13680244033
15653327229
15053242028
18550667324
18809874908
18600555636
13930011616
13220176935
15337982328
15063946138
13424514776
13636166669
18871132061
14707918338
18928421993
18720020286
13153069244
15365933374
18685833870
13886630603
18145067437
18870200973
15096200259
18926702647
13792189679
15716643130
13225718182
15610986407
18919304546
14527340871
13299323396
13981327365
15528348118
15930498065
13714342804
18644920601
13155680608
14539260260
13765606954
13447466913
15228988015
18731766237
18866636228
13661343740
18724886534
13558205447
13286633395
18515995010
18150307727
13068085828
18055627879
18604981161
18141751795
15777408728
13087390303
18589830047
13757144505
13877437848
18150371099
18528994178
18669084517
13553383420
18267794384
13002991722
13804208778
15230271394
18127056562
18844538486
13408514095
13139652539
18943113153
15718171751
13547424619
13295581595
18874178410
15816118544
14703305651
15608206330
15624667744
18894291513
13067892134
15765386513
18284544923
15778589151
15205470704
13126273139
13288326938
14563463896
15001536837
15504386934
18925509018
15911402511
13144422155
13116245533
15755306195
13586282490
18737644761
15176730068
13896661466
15547927971
13875298881
15256609570
18096798882
15776108361
14541437657
13495749906
18205210652
15958973628
15277553236
13978412724
13031006365
13879691168
13604140421
15142080470
18622636494
18852558876
15299608948
13690617872
18068930787
18235301360
18290982021
15208472772
15287611126
18517042506
13813068242
15866033425
14586162668
15103017681
18225622746
18847246222
18776930555
13585647456
13433354528
18109457760
13124199500
13917919838
14590784065
18649816000
18607502425
13468938272
13029906625
15016422926
15600632216
18992966522
18085236464
14798581683
14525787579
13021094004
13987857327
13551483677
13906644574
15630550676
18239768661
13142748609
18229595215
15700513878
15215001212
15305840828
13965521211
14505963090
18054781154
13824298341
18124178516
14516606007
13826161369
13933255794
13511632636
18870199110
18806182156
18750772116
15285701365
15785710758
15560096218
14560801257
15539600183
13215662143
15926014149
18693326390
14579364208
15675236132
18556776175
18540143546
15361338700
14782264507
13274631076
18036348898
15562517434
18242332287
13710519941
13998066942
15909168207
13798761301
15092441851
15651466676
13372609981
14555240549
13281696078
13613398583
15022544243
13962559210
18175596329
18281158493
15527607184
18288272766
18113696320
18813134013
14526925757
15070024838
15038954580
14562528575
18895032083
15775737380
15622310578
18580126625
13354226675
13506320661
18782566410
13670021857
18650491193
18760137752
15216129037
15648403833
15009974260
13925752629
13112151529
14507268666
14516068369
15082265593
13283299575
13777699068
13435642636
15935442718
15320623266
18749792597
18788856756
15120728131
14710591495
18272739656
18558771990
18225103365
15095758917
14798667031
15572503434
15056646130
13612069342
13583250748
18207715185
15724189088
18006296542
15683527005
18824811726
13543218165
18152992371
13206991935
15980816683
15581541739
13887830345
13359234431
13368969829
15978274065
15336600485
15997289735
18621879428
18762630237
18646949727
13999923652
15724615151
13845709688
13358958075
13569535583
18881933828
18567102332
15043957847
15353553524
13122062153
15158021425
15104852006
15621309754
14533313843
15878942340
13305789912
13557238029
18083141036
18046310956
13580347085
13761783799
15001402554
14567899698
13178593562
15744297694
13286109609
15943582099
15334543443
14745070162
15984781746
18609148289
14748470043
14546421125
15874781598
13212109300
18653753604
18795739089
13240498058
15520451573
15824157917
18645857522
14556934304
13128417873
15160309387
13023764713
13193735950
18975769997
18206956850
14522815310
18850315244
13014413934
18920149909
18088585374
14509201573
18977258237
13403633421
15363544870
13677393915
15261252326
15356175682
15501913685
18077005858
15657569131
15299618133
18984885724
15719139424
18144321580
15392443003
13470221576
15803681547
13455902297
15363900682
18058439018
13840498344
14505292248
18919006857
14506363933
15649665047
13144168073
14794323644
18548076055
15013047349
13436125000
15380173702
18227223600
13980181010
13289559192
13168220496
15041094110
15293446888
13354724644
13161430015
13403340650
15092725431
13572374918
18253197143
15720594000
15198721249
15894849672
18218195446
13015471188
15104479271
15715310601
15894286666
15893147150
13186695021
15731245858
14588963720
18177642126
18264871737
13157488706
15242792019
13931227805
18978666557
13268463625
14565755238
13028506549
18075865711
13535134130
15032557346
15152144691
18629250030
18569110933
18003252099
18586790925
18631080728
13014587061
15390885521
15783155170
18612055626
15398232028
18130692677
18543316078
13842812676
18503760655
13562730662
15522830722
15783288277
14553179152
18236934417
18018125758
13102614476
15361625972
15264149309
18079511242
15282800113
18521891419
18878109063
14534496715
15038588445
13183899308
18716187444
18137820770
13379469213
13206747621
15322880084
13980719472
13709337606
13039100872
13393392893
13806232458
15137083503
18030191255
13849250077
13541058911
15262764873
13349006320
15917666976
15778859293
15723335722
13342369146
13401776813
18762117502
18060113797
15674398204
13444234356
18973787172
18953667525
13817377341
14791652068
13507046134
13873295491
15817293140
18680299117
13727159603
18594841155
18668648500
18196279420
18703660155
18568052637
15969066342
13280781569
18554631345
15108746690
13822949846
18086429372
13436617187
13467073981
18507405486
13449639785
18106551920
15650785533
13292827507
15261543325
18560040823
13181293001
13809186599
18627370744
15041972783
18188683485
18756483062
14772340220
13711828172
13849049127
13761662982
18117964059
18274739153
15945943604
13826016752
18298086693
13907210781
18034641638
13929690909
15352522415
13116912465
18507636160
15517593190
18049665975
15625284454
18257914783
13845101824
15734483937
15129592236
13863233129
13413222959
13651130514
18060910825
13015396543
14505616904
13977063210
14513451909
18574482720
15766097990
18903341074
13158164825
18203038353
14711804635
13697379681
15688461337
18722342031
13398651020
13610245373
18576177895
15011737516
18712114960
14521511305
14710040600
15218582672
15524856275
18732751924
15206344839
18958084648
13955480263
13947285971
15356246382
13311841401
13625762295
13719802461
15041877732
15763495334
15820393792
15953369093
13899856245
15995720221
14517099614
15932954630
18767473829
15658379512
15308038138
15177197064
13216424452
18972548361
13559738792
13478623360
18850740671
18712908406
15847082144
13600066131
15237190296
18037257047
18610488545
13249138514
13028538327
15809225854
13190799798
13398243425
18180816242
14595121191
13666280745
14786685878
14513726486
15335722392
18141213958
13635199448
18684013481
18060608208
13344657438
18797857771
13125647421
18218290817
15795072085
13710390126
15223821547
15817782705
18278061742
18083820616
15910374410
18593155552
13274418941
13379806177
18790316602
18618741570
15099079170
13439216485
13037927805
13391971948
15962825729
13997589079
14557953491
18584153456
14530822980
15988374884
14511904799
18897103079
15289352845
13498963838
15045565965
15224026174
15963164367
18551198062
13213393748
14591982358
13286369556
13519917852
15646071667
14528623296
13819658723
15101020892
15814478345
13256530167
18744102078
13831621787
15248398013
15581647717
18582165556
18949672967
18688444728
15648146440
13513994054
15319146982
15166406293
13681990590
15842316991
18726417809
15701539707
13629151748
13378452114
15989987648
13591885155
18246877155
15518962736
18659619246
14747508115
13738796166
15677368973
18130163379
14578178230
15235519698
18163978005
15634806073
18692854861
15697928064
14779700810
18912276368
15379766284
13168313023
18803017886
13855599711
15652716545
18856738130
18065549801
13435939151
13010902869
15130762783
18205825322
18238314446
14565996409
15098034630
13402427218
15170258363
18030215419
18716450173
15162335417
13788077371
13671854367
15667073360
15979651909
18226801758
13113866697
15909297452
13688913969
14536204422
18267151025
18780949916
15123330215
18668608033
15207225189
18230015488
18045295699
13491623685
18914296181
18112275561
18697713285
18632461324
18286607613
14508090575
18583131345
15103015894
15727448641
15260123107
18871681800
13583248914
18636530893
15043164384
14767070471
13048258599
18267677907
18545184979
14548950843
13492657867
13499831168
18232544000
18772069155
13649077508
18506067436
18666314219
15082487498
18668486167
18673081177
18197917583
15123317386
13253801094
14501441241
13138643742
18255399998
13119901573
18825144897
13859798489
15907952312
18171993930
18215521260
15798201582
18933248533
13763689511
15714854875
15743641331
18658750249
15324253841
13472764114
14506991971
13286571673
18968160092
15541737353
13411388570
18755175190
15013527661
13760037161
14588756136
18137790583
18704581788
15196599705
18080961902
14522064862
18972506239
15264502312
15644469737
15283799054
18962705439
15972253474
15960044366
18789656089
15298328875
13112643299
13426667186
18198384163
15914678075
18081503700
14577593718
13848598849
14559997271
18521964874
18074488520
13505170861
13891258307
13892346309
13753316798
15956402212
15694058989
18695063767
13211784361
18011074032
18067453367
18020690907
15067143403
13575709153
18584954096
18709134547
18033500564
15878101287
14784451866
13551294373
13479670757
18862428044
18817750418
14580702575
13605293891
14701074181
15093418748
18968390139
18993162346
18230267912
15387699743
13869265445
13006688213
13193999452
18272285508
15914316765
15318470081
18532463905
18813174740
18224133235
13421286603
14556739949
15670394413
13730565729
14776504946
15269923507
18981917994
18558726541
15626734865
15223318518
15328370915
15298179900
18158610404
14539645919
13245366322
13946777426
15781256371
15740780362
15751159734
13698101986
15705423387
15741002307
13038053201
15619267319
18076407378
15924562093
13565583039
13637204655
15824503043
13634696814
18114155353
13056528945
14592372830
13916506501
13597636410
18260543951
14580830653
18613548354
15738243556
13152995982
15537655487
13746401581
13198691178
15236613869
13359701843
13947250168
18661675353
14759292856
18670953406
15184354346
18681219598
13757396087
13395056131
18856551437
13813627218
13030396464
18745240175
13815388281
15384066721
18635128844
13180235007
13485876945
15362281972
15525342519
18557410361
13002223789
15605572680
13410953220
15085109336
15869867832
18100013197
15248508060
15505997165
18074466106
13693871798
13517869627
13285987353
18729927237
13107586823
13593834171
18666055736
13595559088
15919640301
15722184295
15212454873
13791301195
15123226948
18746471577
18776637763
18052928233
13221618909
13168839732
13558251902
15042048441
13565238320
15512444325
13077627012
13878904750
14566248375
15746811809
13314540935
14564856390
13280041055
18098227482
13361022105
15392947944
18055652463
18832896120
13497431643
13599892836
13127201404
15231167767
18012203737
15683370184
18031576978
18573520031
13402617372
15505231461
13600165554
18160379113
13620998067
13553015413
13771584576
13502067220
15084314698
18100439290
15174472633
18098289123
18742682447
18043220158
13763854780
13503554311
15961122401
13321712179
13401308694
13527631740
13758387658
13799328604
13289445375
15891554315
15341238740
13153260364
15137603642
13270296164
13632956031
15178399252
14531831238
18288570666
18138317840
15005578993
15105950658
18120630262
18532767877
18118792604
13463572772
15504131630
18015820386
13377049113
15162436139
14730252505
14514698309
15588692523
15604007309
13140061607
18792867050
13946978688
18178088108
13220888576
13588017412
13094077867
13917046829
13890368560
15125453269
18143007871
13844829517
18108404855
18081517646
15137455563
14705686908
18095256172
13917142909
18634003730
15384803312
13656573298
15014997406
13761935414
13310664255
13964593255
13441092087
18918543522
13876057142
15154237426
18122566450
13979457582
15520582373
13018873901
18156630002
13722549960
13314272136
13978313290
13991476342
14563763791
15671936601
18116965192
15198745766
15915398074
18915164948
15977092290
13222442726
15524440897
15863223266
15881322938
18237097028
13787009651
15799599628
15044287021
18902804439
13850414179
13028708962
13880514387
13446259233
18800005957
15684861633
18914905615
18747996144
18780905894
14533575168
15123127378
15981618929
14545329443
14773810342
15252857681
13147940824
14501255847
13447324543
18111544405
13926579353
13094428633
15820994500
13711844538
13633743946
15720951728
15360784176
15036137946
13437702444
18785864356
13472224214
18035810711
15097366543
18792019557
18688685354
18051020447
13710500256
13576135620
13277746967
15755129179
15738249598
15057339322
13564718587
18713318111
13219518248
15675260125
15696092512
18013322944
15278007770
18743621640
15269700362
18019974880
13348920532
18023516437
13638269398
15782562612
14593471783
15180287517
13848041039
13763563999
18042279749
15391278722
15322733361
13886388968
18250158852
18127778389
15910676919
14767831198
13644048223
18784434879
15173057985
15130938829
13136919436
13956113708
13868792575
14584457393
13864966226
13799370240
15042593869
13456179532
15634742687
18651752194
15825852883
13799297677
13939303096
15390210484
15114211333
13571711368
15561689974
18938608293
18216762657
13876376750
15997498404
15278878612
15224912142
13689174342
13053954812
13459557486
15394395460
15980352457
13315007946
14527794949
13890082976
18142992488
18034568121
18023779571
15126333782
15861692424
15206308088
13439024283
18526331538
18223035093
15206847758
13117347718
14525638900
13394117540
13250577676
13692396094
15992088867
13243346543
13151377621
15812564757
18791544343
15529330521
18783779472
13278717889
18802998260
18547883558
14525341581
14574128873
13560398287
18876789718
15214028919
18621715984
13299990996
18718030892
18946813467
15062735426
13239276752
13270419517
15556047603
13121206496
18596588976
13653127121
15894206786
14587135730
14599150100
15839813874
18106457967
15197889306
13486485463
13808555961
18105567832
15682892137
13497453599
18930389913
13448398022
15334571261
13764991686
13713583020
13731422338
13984716592
15305768494
13303596112
14751488960
18180072273
18604403784
18623460261
18742715031
13036241391
18149583693
15197162583
13530939393
13663686735
15971352409
18173010633
15504399412
13846667047
13018210207
15864881958
15809027252
13426271645
15556932752
13573132037
18235641262
15392343921
18683382503
18966944284
15637779441
18532922420
13732937210
18965011696
